Nothing -1 0 1 0 0 0 0 0 0 4 0 0 0 0 0
Stone 4 1 0 1 1 1 1 17 4 0 0 0 0 0 1
Grass 2 1 0 2 18 34 5 5 2 2 5 0 0 0 2
Trunk 2 1 1 3 3 3 3 20 2 1 0 0 0 0 3
Leaves 2 1 1 4 4 4 4 20 2 1 0 0 0 0 4
Dirt 2 1 0 5 5 5 5 5 1 2 0 0 0 0 5
Water -1 0 1 6 6 6 6 6 0 2 0 0 0 0 6
Sand 2 1 0 7 7 7 7 7 1 2 0 0 0 0 7
Nokium -1 1 0 8 8 8 8 8 1 4 8 0 0 0 8
Clay 2 1 0 9 9 9 9 9 1 2 0 0 0 0 9
Thatch 1 1 0 10 10 10 10 10 1 5 0 0 0 0 10
Fire -1 0 1 11 11 11 11 11 1 4 11 1 12 10000 11
Charcoal 1 0 1 12 12 12 12 12 1 1 0 0 0 0 12
Rock_Wall 4 1 0 16 16 16 16 17 2 0 0 0 0 0 16
Rocks 2 0 1 17 17 17 17 17 1 0 0 0 0 0 17 
Stick 1 0 1 19 19 19 19 19 1 5 0 0 0 0 19
Branch 1 0 1 20 20 20 20 20 1 5 0 0 0 0 20
Berry_Bush 2 1 1 21 21 21 21 23 1 5 22 0 0 0 21
Bush 2 1 1 22 22 22 22 20 1 5 0 1 21 100000 22
Red_Berries 1 0 1 23 23 23 23 23 1 6 0 0 0 0 23 
Sharpened_Rock 1 0 1 33 33 33 33 33 1 4 0 0 0 0 33
Sharpened_Stick 1 0 1 35 35 35 35 35 1 4 0 0 0 0 35
